94 403
506 886
416 814
992 1151
649 983
237 629
457 848
815 1074
446 839
422 819
791 1062
359 762
667 994
598 950
7 111
544 914
334 737
766 1049
994 1152
893 1110
633 973
131 474
428 824
700 1013
617 963
874 1101
720 1024
419 816
794 1063
196 575
997 1153
116 447
908 1117
539 910
707 1017
569 931
537 909
931 1126
726 1027
487 871
772 1052
513 891
81 375
943 1131
58 318
303 705
764 1048
536 908
724 1026
789 1061
479 865
142 493
339 742
641 978
196 575
494 877
66 339
824 1078
208 592
711 1019
800 1066
314 717
289 690
401 800
466 855
689 1006
833 1082
225 614
244 638
849 1090
113 441
379 780
361 764
65 337
486 871
686 1005
286 687
889 1108
24 205
491 875
891 1109
90 395
181 554
214 600
17 173
472 860
418 815
419 816
356 759
682 1002
306 708
201 582
385 786
952 1135
500 881
194 572
737 1033
324 727
992 1151
224 613
260 657
97 410
210 594
649 983
919 1121
63 332
958 1138
804 1068
518 895
428 824
537 909
346 749
153 511
971 1143
662 991
197 577
91 397
529 903
126 465
747 1039
469 857
770 1051
934 1128
723 1026
895 1111
568 930
172 540
958 1138
383 784
308 710
970 1142
583 940
48 290
930 1126
569 931
3 73
20 188
609 958
887 1107
825 1078
930 1126
904 1115
241 634
379 780
376 778
962 1139
889 1108
443 836
216 602
338 741
160 522
406 805
159 520
31 233
204 586
420 817
153 511
425 821
331 734
565 928
838 1085
9 126
918 1121
533 906
232 623
957 1137
591 946
576 936
746 1038
377 779
858 1094
86 386
434 829
558 923
279 679
840 1086
735 1032
574 934
126 465
912 1118
739 1034
821 1077
625 968
917 1120
201 582
993 1151
149 504
52 302
759 1045
267 665
256 652
783 1058
117 449
516 893
180 552
25 210
380 781
712 1020
266 664
216 602
448 840
541 911
664 992
954 1136
726 1027
772 1052
531 904
943 1131
750 1040
327 730
917 1120
5 94
113 441
913 1119
791 1062
998 1153
859 1095
345 748
431 826
675 998
833 1082
438 832
523 899
916 1120
420 817
115 445
660 989
261 658
772 1052
388 789
764 1048
843 1087
206 589
407 806
639 976
852 1091
542 912
60 324
757 1044
82 377
637 975
93 401
614 961
136 483
187 562
102 420
972 1143
163 527
501 882
477 864
492 875
121 456
80 373
138 486
660 989
229 619
827 1079
448 840
230 620
832 1082
489 873
586 942
291 692
665 992
660 989
702 1014
153 511
606 956
123 460
253 649
709 1018
832 1082
108 432
888 1108
481 867
283 683
858 1094
284 684
711 1019
850 1090
239 632
943 1131
195 574
95 406
410 808
664 992
900 1113
112 439
963 1140
754 1042
458 849
19 183
225 614
569 931
97 410
194 572
754 1042
602 953
61 326
695 1010
347 750
719 1023
100 416
97 410
843 1087
745 1038
286 687
492 875
116 447
531 904
424 820
253 649
426 822
413 811
980 1146
291 692
833 1082
486 871
9 126
575 935
922 1123
145 498
897 1112
404 803
742 1036
728 1028
269 667
103 422
745 1038
35 248
779 1056
71 352
80 373
842 1087
128 469
941 1131
227 616
30 230
342 745
605 955
531 904
364 766
359 762
867 1098
820 1076
313 716
207 590
911 1118
308 710
430 825
685 1004
641 978
113 441
141 491
690 1007
700 1013
559 924
481 867
503 884
766 1049
7 111
882 1105
859 1095
182 555
425 821
542 912
683 1003
853 1092
938 1129
89 393
624 967
181 554
878 1103
933 1127
580 938
252 647
207 590
658 988
20 188
954 1136
347 750
759 1045
446 839
14 157
657 988
710 1018
980 1146
188 564
636 975
203 585
432 827
129 471
630 971
509 888
237 629
373 775
838 1085
395 795
692 1008
103 422
218 605
384 785
931 1126
396 796
389 790
640 977
287 688
297 699
977 1145
512 890
219 606
555 921
398 798
289 690
798 1065
598 950
49 293
572 933
697 1011
770 1051
725 1027
542 912
214 600
887 1107
45 281
94 403
282 682
82 377
319 722
626 968
146 500
541 911
874 1101
725 1027
777 1054
554 921
208 592
787 1060
976 1145
912 1118
444 837
3 73
301 703
164 528
437 831
652 984
764 1048
41 268
737 1033
176 546
136 483
128 469
394 794
235 627
42 271
824 1078
684 1004
979 1146
568 930
367 769
52 302
642 978
335 738
126 465
130 472
583 940
129 471
752 1041
167 533
856 1093
640 977
770 1051
431 826
195 574
448 840
701 1013
952 1135
880 1104
168 534
79 371
961 1139
472 860
217 604
709 1018
147 501
296 698
909 1117
764 1048
251 646
878 1103
753 1042
570 932
253 649
666 993
931 1126
433 828
810 1071
678 1000
123 460
212 597
66 339
206 589
750 1040
64 334
466 855
337 740
510 889
796 1064
175 545
437 831
938 1129
848 1089
561 925
718 1023
948 1133
649 983
569 931
663 991
582 940
843 1087
202 583
702 1014
579 938
725 1027
803 1068
340 743
156 516
832 1082
602 953
234 625
688 1006
184 558
978 1146
413 811
633 973
585 942
606 956
963 1140
350 753
242 635
539 910
739 1034
267 665
165 530
177 548
720 1024
802 1067
644 980
82 377
798 1065
197 577
173 542
81 375
235 627
112 439
103 422
268 666
879 1104
643 979
106 428
122 458
444 837
262 659
691 1008
997 1153
446 839
171 539
549 917
281 681
211 596
112 439
408 807
730 1030
363 766
89 393
605 955
938 1129
168 534
705 1016
47 287
400 800
215 601
114 443
51 299
881 1105
549 917
679 1001
328 731
250 645
203 585
481 867
752 1041
707 1017
82 377
63 332
660 989
21 192
287 688
219 606
500 881
820 1076
95 406
44 278
748 1039
678 1000
276 675
478 865
663 991
594 948
757 1044
947 1133
448 840
570 932
313 716
981 1147
795 1064
552 919
389 790
280 680
864 1097
636 975
512 890
892 1110
184 558
947 1133
614 961
625 968
149 504
377 779
474 861
18 178
662 991
416 814
1 42
530 904
752 1041
22 197
981 1147
777 1054
957 1137
275 674
584 941
582 940
121 456
951 1135
668 994
118 451
319 722
896 1111
521 897
948 1133
248 643
474 861
351 754
54 307
155 514
660 989
871 1100
486 871
294 695
425 821
245 639
382 783
371 773
708 1017
544 914
794 1063
387 788
738 1034
520 896
281 681
502 883
91 397
503 884
924 1123
16 168
33 241
344 747
349 752
606 956
896 1111
595 948
441 835
102 420
52 302
654 986
710 1018
434 829
245 639
36 251
661 990
413 811
13 151
370 772
400 800
195 574
984 1148
476 863
164 528
405 804
674 998
196 575
608 957
907 1116
532 905
51 299
716 1022
327 730
880 1104
710 1018
267 665
400 800
376 778
609 958
320 723
196 575
538 909
935 1128
404 803
100 416
126 465
855 1093
94 403
731 1030
253 649
8 119
393 793
543 913
348 751
318 721
489 873
22 197
998 1153
49 293
381 782
10 133
429 825
221 609
150 506
717 1022
530 904
332 735
942 1131
565 928
216 602
61 326
170 537
872 1101
644 980
208 592
680 1001
697 1011
639 976
679 1001
961 1139
361 764
802 1067
359 762
839 1085
718 1023
280 680
252 647
280 680
102 420
615 961
296 698
481 867
956 1137
230 620
259 656
922 1123
706 1016
272 671
156 516
552 919
485 870
536 908
70 349
902 1114
452 844
35 248
947 1133
378 780
57 316
352 755
669 995
702 1014
141 491
458 849
463 853
756 1044
887 1107
332 735
528 902
656 987
254 650
787 1060
495 878
370 772
10 133
200 581
327 730
17 173
374 776
755 1043
980 1146
376 778
8 119
32 237
460 850
804 1068
23 201
869 1099
943 1131
715 1021
628 970
73 356
199 579
38 258
209 593
327 730
912 1118
799 1066
372 774
976 1145
120 454
667 994
188 564
28 222
704 1015
649 983
746 1038
697 1011
712 1020
289 690
625 968
953 1136
462 852
302 704
79 371
41 268
823 1077
908 1117
665 992
36 251
732 1031
809 1071
66 339
291 692
591 946
583 940
252 647
479 865
530 904
224 613
788 1060
309 711
366 768
352 755
402 801
545 914
113 441
967 1141
454 845
723 1026
14 157
20 188
308 710
644 980
713 1020
482 868
336 739
289 690
496 878
326 729
530 904
167 533
522 898
830 1081
91 397
116 447
747 1039
395 795
958 1138
756 1044
262 659
703 1014
511 890
481 867
449 841
888 1108
599 951
306 708
492 875
803 1068
445 838
316 719
889 1108
785 1059
765 1048
491 875
589 944
124 462
741 1036
898 1112
725 1027
682 1002
131 474
398 798
906 1116
753 1042
312 715
790 1061
301 703
945 1132
447 840
197 577
27 218
573 934
589 944
934 1128
209 593
529 903
899 1113
15 162
592 946
92 399
575 935
814 1073
354 757
127 467
374 776
566 929
594 948
973 1144
645 980
603 954
712 1020
32 237
298 700
561 925
906 1116
626 968
143 495
504 884
836 1084
361 764
431 826
554 921
24 205
416 814
735 1032
243 636
454 845
932 1127
494 877
648 982
357 760
596 949
788 1060
536 908
759 1045
200 581
566 929
741 1036
217 604
219 606
832 1082
819 1076
487 871
473 861
241 634
64 334
516 893
857 1094
218 605
490 874
504 884
707 1017
342 745
475 862
175 545
786 1059
171 539
232 623
888 1108
866 1098
976 1145
253 649
619 964
642 978
460 850
218 605
218 605
667 994
949 1134
89 393
488 872
568 930
526 901
